solid OpenSCAD_Model
  facet normal 0.707107 0.707107 0
    outer loop
      vertex 11.4375 9.06864 -1.90735e-07
      vertex 9.06864 11.4375 -3.4
      vertex 9.06864 11.4375 -1.90735e-07
    endloop
  endfacet
  facet normal 0.707107 0.707107 0
    outer loop
      vertex 9.06864 11.4375 -3.4
      vertex 11.4375 9.06864 -1.90735e-07
      vertex 11.4375 9.06864 -3.4
    endloop
  endfacet
  facet normal 0 0 1
    outer loop
      vertex 9.06864 11.4375 -1.90735e-07
      vertex 2.36881 0 -1.90735e-07
      vertex 11.4375 9.06864 -1.90735e-07
    endloop
  endfacet
  facet normal 0 -0 1
    outer loop
      vertex 2.36881 0 -1.90735e-07
      vertex 9.06864 11.4375 -1.90735e-07
      vertex 0 2.36881 -1.90735e-07
    endloop
  endfacet
  facet normal 0 0 1
    outer loop
      vertex 2.36881 0 -1.90735e-07
      vertex 9.06864 -11.4375 -1.90735e-07
      vertex 11.4375 -9.06864 -1.90735e-07
    endloop
  endfacet
  facet normal 0 0 1
    outer loop
      vertex 0 -2.36881 -1.90735e-07
      vertex 2.36881 0 -1.90735e-07
      vertex 0 2.36881 -1.90735e-07
    endloop
  endfacet
  facet normal 0 0 1
    outer loop
      vertex 2.36881 0 -1.90735e-07
      vertex 0 -2.36881 -1.90735e-07
      vertex 9.06864 -11.4375 -1.90735e-07
    endloop
  endfacet
  facet normal 0 0 1
    outer loop
      vertex 0 2.36881 -1.90735e-07
      vertex -2.36881 0 -1.90735e-07
      vertex 0 -2.36881 -1.90735e-07
    endloop
  endfacet
  facet normal 0 0 1
    outer loop
      vertex -9.06864 11.4375 -1.90735e-07
      vertex -2.36881 0 -1.90735e-07
      vertex 0 2.36881 -1.90735e-07
    endloop
  endfacet
  facet normal 0 0 1
    outer loop
      vertex -2.36881 0 -1.90735e-07
      vertex -9.06864 11.4375 -1.90735e-07
      vertex -11.4375 9.06864 -1.90735e-07
    endloop
  endfacet
  facet normal 0 0 1
    outer loop
      vertex -2.36881 0 -1.90735e-07
      vertex -9.06864 -11.4375 -1.90735e-07
      vertex 0 -2.36881 -1.90735e-07
    endloop
  endfacet
  facet normal 0 -0 1
    outer loop
      vertex -9.06864 -11.4375 -1.90735e-07
      vertex -2.36881 0 -1.90735e-07
      vertex -11.4375 -9.06864 -1.90735e-07
    endloop
  endfacet
  facet normal -0.707107 -0.707107 0
    outer loop
      vertex -9.06864 -11.4375 -3.4
      vertex -11.4375 -9.06864 -1.90735e-07
      vertex -11.4375 -9.06864 -3.4
    endloop
  endfacet
  facet normal -0.707107 -0.707107 0
    outer loop
      vertex -11.4375 -9.06864 -1.90735e-07
      vertex -9.06864 -11.4375 -3.4
      vertex -9.06864 -11.4375 -1.90735e-07
    endloop
  endfacet
  facet normal 0 0 -1
    outer loop
      vertex 9.06864 -11.4375 -3.4
      vertex 10 -10 -3.4
      vertex 11.4375 -9.06864 -3.4
    endloop
  endfacet
  facet normal -0 0 -1
    outer loop
      vertex 10 -10 -3.4
      vertex 9.06864 -11.4375 -3.4
      vertex 7.63119 -10 -3.4
    endloop
  endfacet
  facet normal -0 0 -1
    outer loop
      vertex 11.4375 -9.06864 -3.4
      vertex 10 -10 -3.4
      vertex 10 -7.63119 -3.4
    endloop
  endfacet
  facet normal 0 0 -1
    outer loop
      vertex -10 7.63119 -3.4
      vertex -11.4375 9.06864 -3.4
      vertex -10 10 -3.4
    endloop
  endfacet
  facet normal 0 0 -1
    outer loop
      vertex -10 10 -3.4
      vertex -9.06864 11.4375 -3.4
      vertex -7.63119 10 -3.4
    endloop
  endfacet
  facet normal 0 0 -1
    outer loop
      vertex -9.06864 11.4375 -3.4
      vertex -10 10 -3.4
      vertex -11.4375 9.06864 -3.4
    endloop
  endfacet
  facet normal 0 0 -1
    outer loop
      vertex -9.06864 -11.4375 -3.4
      vertex -10 -10 -3.4
      vertex -7.63119 -10 -3.4
    endloop
  endfacet
  facet normal 0 0 -1
    outer loop
      vertex -10 -10 -3.4
      vertex -11.4375 -9.06864 -3.4
      vertex -10 -7.63119 -3.4
    endloop
  endfacet
  facet normal 0 0 -1
    outer loop
      vertex -11.4375 -9.06864 -3.4
      vertex -10 -10 -3.4
      vertex -9.06864 -11.4375 -3.4
    endloop
  endfacet
  facet normal 0 0 -1
    outer loop
      vertex 10 10 -3.4
      vertex 11.4375 9.06864 -3.4
      vertex 10 7.63119 -3.4
    endloop
  endfacet
  facet normal 0 0 -1
    outer loop
      vertex 10 10 -3.4
      vertex 9.06864 11.4375 -3.4
      vertex 11.4375 9.06864 -3.4
    endloop
  endfacet
  facet normal 0 -0 -1
    outer loop
      vertex 9.06864 11.4375 -3.4
      vertex 10 10 -3.4
      vertex 7.63119 10 -3.4
    endloop
  endfacet
  facet normal 0.707107 -0.707107 0
    outer loop
      vertex 0 -2.36881 -1.90735e-07
      vertex -7.63119 -10 -3.4
      vertex 0 -2.36881 -3.4
    endloop
  endfacet
  facet normal 0.707107 -0.707107 0
    outer loop
      vertex -9.06864 -11.4375 -1.90735e-07
      vertex -7.63119 -10 -3.4
      vertex 0 -2.36881 -1.90735e-07
    endloop
  endfacet
  facet normal 0.707107 -0.707107 0
    outer loop
      vertex -9.06864 -11.4375 -3.4
      vertex -7.63119 -10 -3.4
      vertex -9.06864 -11.4375 -1.90735e-07
    endloop
  endfacet
  facet normal 0.707107 -0.707107 0
    outer loop
      vertex 11.4375 9.06864 -1.90735e-07
      vertex 10 7.63119 -3.4
      vertex 11.4375 9.06864 -3.4
    endloop
  endfacet
  facet normal 0.707107 -0.707107 0
    outer loop
      vertex 2.36881 0 -1.90735e-07
      vertex 10 7.63119 -3.4
      vertex 11.4375 9.06864 -1.90735e-07
    endloop
  endfacet
  facet normal 0.707107 -0.707107 0
    outer loop
      vertex 10 7.63119 -3.4
      vertex 2.36881 0 -1.90735e-07
      vertex 2.36881 0 -3.4
    endloop
  endfacet
  facet normal -0.707107 0.707107 0
    outer loop
      vertex 9.06864 11.4375 -3.4
      vertex 7.63119 10 -3.4
      vertex 9.06864 11.4375 -1.90735e-07
    endloop
  endfacet
  facet normal -0.707107 0.707107 0
    outer loop
      vertex 0 2.36881 -1.90735e-07
      vertex 7.63119 10 -3.4
      vertex 0 2.36881 -3.4
    endloop
  endfacet
  facet normal -0.707107 0.707107 0
    outer loop
      vertex 7.63119 10 -3.4
      vertex 0 2.36881 -1.90735e-07
      vertex 9.06864 11.4375 -1.90735e-07
    endloop
  endfacet
  facet normal -0.707107 0.707107 0
    outer loop
      vertex -10 -7.63119 -3.4
      vertex -2.36881 0 -1.90735e-07
      vertex -2.36881 0 -3.4
    endloop
  endfacet
  facet normal -0.707107 0.707107 0
    outer loop
      vertex -11.4375 -9.06864 -1.90735e-07
      vertex -10 -7.63119 -3.4
      vertex -11.4375 -9.06864 -3.4
    endloop
  endfacet
  facet normal -0.707107 0.707107 0
    outer loop
      vertex -10 -7.63119 -3.4
      vertex -11.4375 -9.06864 -1.90735e-07
      vertex -2.36881 0 -1.90735e-07
    endloop
  endfacet
  facet normal -0.707107 0.707107 0
    outer loop
      vertex -11.4375 9.06864 -3.4
      vertex -9.06864 11.4375 -1.90735e-07
      vertex -9.06864 11.4375 -3.4
    endloop
  endfacet
  facet normal -0.707107 0.707107 0
    outer loop
      vertex -9.06864 11.4375 -1.90735e-07
      vertex -11.4375 9.06864 -3.4
      vertex -11.4375 9.06864 -1.90735e-07
    endloop
  endfacet
  facet normal 0.707107 0.707107 0
    outer loop
      vertex 2.36881 0 -1.90735e-07
      vertex 10 -7.63119 -3.4
      vertex 2.36881 0 -3.4
    endloop
  endfacet
  facet normal 0.707107 0.707107 0
    outer loop
      vertex 11.4375 -9.06864 -1.90735e-07
      vertex 10 -7.63119 -3.4
      vertex 2.36881 0 -1.90735e-07
    endloop
  endfacet
  facet normal 0.707107 0.707107 -0
    outer loop
      vertex 11.4375 -9.06864 -3.4
      vertex 10 -7.63119 -3.4
      vertex 11.4375 -9.06864 -1.90735e-07
    endloop
  endfacet
  facet normal 0.707107 0.707107 0
    outer loop
      vertex -9.06864 11.4375 -1.90735e-07
      vertex -7.63119 10 -3.4
      vertex -9.06864 11.4375 -3.4
    endloop
  endfacet
  facet normal 0.707107 0.707107 0
    outer loop
      vertex 0 2.36881 -1.90735e-07
      vertex -7.63119 10 -3.4
      vertex -9.06864 11.4375 -1.90735e-07
    endloop
  endfacet
  facet normal 0.707107 0.707107 0
    outer loop
      vertex -7.63119 10 -3.4
      vertex 0 2.36881 -1.90735e-07
      vertex 0 2.36881 -3.4
    endloop
  endfacet
  facet normal 0.707107 -0.707107 0
    outer loop
      vertex 9.06864 -11.4375 -1.90735e-07
      vertex 11.4375 -9.06864 -3.4
      vertex 11.4375 -9.06864 -1.90735e-07
    endloop
  endfacet
  facet normal 0.707107 -0.707107 0
    outer loop
      vertex 11.4375 -9.06864 -3.4
      vertex 9.06864 -11.4375 -1.90735e-07
      vertex 9.06864 -11.4375 -3.4
    endloop
  endfacet
  facet normal -0.707107 -0.707107 0
    outer loop
      vertex -11.4375 9.06864 -3.4
      vertex -10 7.63119 -3.4
      vertex -11.4375 9.06864 -1.90735e-07
    endloop
  endfacet
  facet normal -0.707107 -0.707107 -0
    outer loop
      vertex -2.36881 0 -1.90735e-07
      vertex -10 7.63119 -3.4
      vertex -2.36881 0 -3.4
    endloop
  endfacet
  facet normal -0.707107 -0.707107 0
    outer loop
      vertex -10 7.63119 -3.4
      vertex -2.36881 0 -1.90735e-07
      vertex -11.4375 9.06864 -1.90735e-07
    endloop
  endfacet
  facet normal -0.707107 -0.707107 0
    outer loop
      vertex 7.63119 -10 -3.4
      vertex 0 -2.36881 -1.90735e-07
      vertex 0 -2.36881 -3.4
    endloop
  endfacet
  facet normal -0.707107 -0.707107 -0
    outer loop
      vertex 9.06864 -11.4375 -1.90735e-07
      vertex 7.63119 -10 -3.4
      vertex 9.06864 -11.4375 -3.4
    endloop
  endfacet
  facet normal -0.707107 -0.707107 0
    outer loop
      vertex 7.63119 -10 -3.4
      vertex 9.06864 -11.4375 -1.90735e-07
      vertex 0 -2.36881 -1.90735e-07
    endloop
  endfacet
  facet normal 0.707107 -0.707107 0
    outer loop
      vertex 0 2.36881 10
      vertex 7.63119 10 1
      vertex 7.63119 10 10
    endloop
  endfacet
  facet normal 0.707107 -0.707107 0
    outer loop
      vertex 7.63119 10 1
      vertex 0 2.36881 10
      vertex 0 2.36881 1
    endloop
  endfacet
  facet normal 0.707107 -0.707107 0
    outer loop
      vertex -10 -7.63119 10
      vertex -2.36881 0 1
      vertex -2.36881 0 10
    endloop
  endfacet
  facet normal 0.707107 -0.707107 0
    outer loop
      vertex -2.36881 0 1
      vertex -10 -7.63119 10
      vertex -10 -7.63119 1
    endloop
  endfacet
  facet normal -0 0 1
    outer loop
      vertex 7.63119 10 1
      vertex 10 7.63119 1
      vertex 10 10 1
    endloop
  endfacet
  facet normal 0 0 1
    outer loop
      vertex 7.63119 10 1
      vertex 2.36881 0 1
      vertex 10 7.63119 1
    endloop
  endfacet
  facet normal -0 0 1
    outer loop
      vertex 0 2.36881 1
      vertex 2.36881 0 1
      vertex 7.63119 10 1
    endloop
  endfacet
  facet normal 0 0 1
    outer loop
      vertex -7.63119 10 1
      vertex -2.36881 0 1
      vertex 0 2.36881 1
    endloop
  endfacet
  facet normal 0 0 1
    outer loop
      vertex -10 7.63119 1
      vertex -7.63119 10 1
      vertex -10 10 1
    endloop
  endfacet
  facet normal 0 0 1
    outer loop
      vertex -7.63119 10 1
      vertex -10 7.63119 1
      vertex -2.36881 0 1
    endloop
  endfacet
  facet normal 0 0 1
    outer loop
      vertex 10 -7.63119 1
      vertex 7.63119 -10 1
      vertex 10 -10 1
    endloop
  endfacet
  facet normal 0 0 1
    outer loop
      vertex 2.36881 0 1
      vertex 7.63119 -10 1
      vertex 10 -7.63119 1
    endloop
  endfacet
  facet normal 0 0 1
    outer loop
      vertex 2.36881 0 1
      vertex 0 -2.36881 1
      vertex 7.63119 -10 1
    endloop
  endfacet
  facet normal 0 0 1
    outer loop
      vertex -2.36881 0 1
      vertex -7.63119 -10 1
      vertex 0 -2.36881 1
    endloop
  endfacet
  facet normal -0 0 1
    outer loop
      vertex -10 -7.63119 1
      vertex -7.63119 -10 1
      vertex -2.36881 0 1
    endloop
  endfacet
  facet normal 0 0 1
    outer loop
      vertex -7.63119 -10 1
      vertex -10 -7.63119 1
      vertex -10 -10 1
    endloop
  endfacet
  facet normal -0.707107 0.707107 0
    outer loop
      vertex -7.63119 -10 1
      vertex 0 -2.36881 10
      vertex 0 -2.36881 1
    endloop
  endfacet
  facet normal -0.707107 0.707107 0
    outer loop
      vertex 0 -2.36881 10
      vertex -7.63119 -10 1
      vertex -7.63119 -10 10
    endloop
  endfacet
  facet normal -0.707107 0.707107 0
    outer loop
      vertex 2.36881 0 1
      vertex 10 7.63119 10
      vertex 10 7.63119 1
    endloop
  endfacet
  facet normal -0.707107 0.707107 0
    outer loop
      vertex 10 7.63119 10
      vertex 2.36881 0 1
      vertex 2.36881 0 10
    endloop
  endfacet
  facet normal -0.707107 -0.707107 0
    outer loop
      vertex 10 -7.63119 1
      vertex 2.36881 0 10
      vertex 2.36881 0 1
    endloop
  endfacet
  facet normal -0.707107 -0.707107 0
    outer loop
      vertex 2.36881 0 10
      vertex 10 -7.63119 1
      vertex 10 -7.63119 10
    endloop
  endfacet
  facet normal -0.707107 -0.707107 0
    outer loop
      vertex 0 2.36881 1
      vertex -7.63119 10 10
      vertex -7.63119 10 1
    endloop
  endfacet
  facet normal -0.707107 -0.707107 0
    outer loop
      vertex -7.63119 10 10
      vertex 0 2.36881 1
      vertex 0 2.36881 10
    endloop
  endfacet
  facet normal 0.707107 0.707107 0
    outer loop
      vertex -2.36881 0 10
      vertex -10 7.63119 1
      vertex -10 7.63119 10
    endloop
  endfacet
  facet normal 0.707107 0.707107 0
    outer loop
      vertex -10 7.63119 1
      vertex -2.36881 0 10
      vertex -2.36881 0 1
    endloop
  endfacet
  facet normal 0.707107 0.707107 0
    outer loop
      vertex 7.63119 -10 10
      vertex 0 -2.36881 1
      vertex 0 -2.36881 10
    endloop
  endfacet
  facet normal 0.707107 0.707107 0
    outer loop
      vertex 0 -2.36881 1
      vertex 7.63119 -10 10
      vertex 7.63119 -10 1
    endloop
  endfacet
  facet normal -1 0 0
    outer loop
      vertex -10 10 0
      vertex -10 7.63119 1
      vertex -10 10 1
    endloop
  endfacet
  facet normal -1 0 0
    outer loop
      vertex -10 7.63119 1
      vertex -10 -7.63119 1
      vertex -10 7.63119 10
    endloop
  endfacet
  facet normal -1 0 0
    outer loop
      vertex -10 10 0
      vertex -10 -7.63119 1
      vertex -10 7.63119 1
    endloop
  endfacet
  facet normal -1 0 0
    outer loop
      vertex -10 -10 0
      vertex -10 -7.63119 1
      vertex -10 10 0
    endloop
  endfacet
  facet normal -1 -0 0
    outer loop
      vertex -10 -7.63119 1
      vertex -10 -10 0
      vertex -10 -10 1
    endloop
  endfacet
  facet normal -1 -0 0
    outer loop
      vertex -10 7.63119 10
      vertex -10 -7.63119 1
      vertex -10 -7.63119 10
    endloop
  endfacet
  facet normal 0 0 1
    outer loop
      vertex -10 7.63119 10
      vertex -10 -7.63119 10
      vertex -2.36881 0 10
    endloop
  endfacet
  facet normal 0 0 1
    outer loop
      vertex 0 -2.36881 10
      vertex -7.63119 -10 10
      vertex 7.63119 -10 10
    endloop
  endfacet
  facet normal 0 0 1
    outer loop
      vertex 7.63119 10 10
      vertex -7.63119 10 10
      vertex 0 2.36881 10
    endloop
  endfacet
  facet normal 0 0 1
    outer loop
      vertex 10 7.63119 10
      vertex 2.36881 0 10
      vertex 10 -7.63119 10
    endloop
  endfacet
  facet normal 1 0 0
    outer loop
      vertex 10 7.63119 10
      vertex 10 -7.63119 10
      vertex 10 7.63119 1
    endloop
  endfacet
  facet normal 1 -0 0
    outer loop
      vertex 10 7.63119 1
      vertex 10 10 0
      vertex 10 10 1
    endloop
  endfacet
  facet normal 1 0 0
    outer loop
      vertex 10 -7.63119 1
      vertex 10 7.63119 1
      vertex 10 -7.63119 10
    endloop
  endfacet
  facet normal 1 -0 0
    outer loop
      vertex 10 -7.63119 1
      vertex 10 10 0
      vertex 10 7.63119 1
    endloop
  endfacet
  facet normal 1 0 0
    outer loop
      vertex 10 -10 0
      vertex 10 -7.63119 1
      vertex 10 -10 1
    endloop
  endfacet
  facet normal 1 0 0
    outer loop
      vertex 10 -7.63119 1
      vertex 10 -10 0
      vertex 10 10 0
    endloop
  endfacet
  facet normal 0 1 -0
    outer loop
      vertex 10 10 0
      vertex 7.63119 10 1
      vertex 10 10 1
    endloop
  endfacet
  facet normal 0 1 0
    outer loop
      vertex 7.63119 10 1
      vertex 10 10 0
      vertex -7.63119 10 1
    endloop
  endfacet
  facet normal 0 1 0
    outer loop
      vertex -10 10 0
      vertex -7.63119 10 1
      vertex 10 10 0
    endloop
  endfacet
  facet normal 0 1 0
    outer loop
      vertex -7.63119 10 1
      vertex -10 10 0
      vertex -10 10 1
    endloop
  endfacet
  facet normal 0 1 -0
    outer loop
      vertex 7.63119 10 1
      vertex -7.63119 10 10
      vertex 7.63119 10 10
    endloop
  endfacet
  facet normal 0 1 0
    outer loop
      vertex -7.63119 10 10
      vertex 7.63119 10 1
      vertex -7.63119 10 1
    endloop
  endfacet
  facet normal 0 0 -1
    outer loop
      vertex -10 -10 0
      vertex 10 10 0
      vertex 10 -10 0
    endloop
  endfacet
  facet normal -0 0 -1
    outer loop
      vertex 10 10 0
      vertex -10 -10 0
      vertex -10 10 0
    endloop
  endfacet
  facet normal 0 -1 0
    outer loop
      vertex -10 -10 0
      vertex -7.63119 -10 1
      vertex -10 -10 1
    endloop
  endfacet
  facet normal 0 -1 -0
    outer loop
      vertex -7.63119 -10 1
      vertex -10 -10 0
      vertex 7.63119 -10 1
    endloop
  endfacet
  facet normal 0 -1 0
    outer loop
      vertex 10 -10 0
      vertex 7.63119 -10 1
      vertex -10 -10 0
    endloop
  endfacet
  facet normal 0 -1 0
    outer loop
      vertex 7.63119 -10 1
      vertex 10 -10 0
      vertex 10 -10 1
    endloop
  endfacet
  facet normal 0 -1 0
    outer loop
      vertex -7.63119 -10 1
      vertex 7.63119 -10 10
      vertex -7.63119 -10 10
    endloop
  endfacet
  facet normal 0 -1 -0
    outer loop
      vertex 7.63119 -10 10
      vertex -7.63119 -10 1
      vertex 7.63119 -10 1
    endloop
  endfacet
  facet normal 0.707107 0.707107 0
    outer loop
      vertex 2.36881 0 10
      vertex 0 2.36881 1
      vertex 0 2.36881 10
    endloop
  endfacet
  facet normal 0.707107 0.707107 0
    outer loop
      vertex 0 2.36881 1
      vertex 2.36881 0 10
      vertex 2.36881 0 1
    endloop
  endfacet
  facet normal 0 0 1
    outer loop
      vertex 0 2.36881 10
      vertex 0 -2.36881 10
      vertex 2.36881 0 10
    endloop
  endfacet
  facet normal 0 -0 1
    outer loop
      vertex 0 -2.36881 10
      vertex 0 2.36881 10
      vertex -2.36881 0 10
    endloop
  endfacet
  facet normal -0.707107 0.707107 0
    outer loop
      vertex -2.36881 0 1
      vertex 0 2.36881 10
      vertex 0 2.36881 1
    endloop
  endfacet
  facet normal -0.707107 0.707107 0
    outer loop
      vertex 0 2.36881 10
      vertex -2.36881 0 1
      vertex -2.36881 0 10
    endloop
  endfacet
  facet normal -0.707107 -0.707107 0
    outer loop
      vertex 0 -2.36881 1
      vertex -2.36881 0 10
      vertex -2.36881 0 1
    endloop
  endfacet
  facet normal -0.707107 -0.707107 0
    outer loop
      vertex -2.36881 0 10
      vertex 0 -2.36881 1
      vertex 0 -2.36881 10
    endloop
  endfacet
  facet normal 0.707107 -0.707107 0
    outer loop
      vertex 0 -2.36881 10
      vertex 2.36881 0 1
      vertex 2.36881 0 10
    endloop
  endfacet
  facet normal 0.707107 -0.707107 0
    outer loop
      vertex 2.36881 0 1
      vertex 0 -2.36881 10
      vertex 0 -2.36881 1
    endloop
  endfacet
  facet normal -1 0 0
    outer loop
      vertex -10 10 -5.4
      vertex -10 7.63119 -3.4
      vertex -10 10 -3.4
    endloop
  endfacet
  facet normal -1 0 0
    outer loop
      vertex -10 10 -5.4
      vertex -10 -7.63119 -3.4
      vertex -10 7.63119 -3.4
    endloop
  endfacet
  facet normal -1 0 0
    outer loop
      vertex -10 -10 -5.4
      vertex -10 -7.63119 -3.4
      vertex -10 10 -5.4
    endloop
  endfacet
  facet normal -1 -0 0
    outer loop
      vertex -10 -7.63119 -3.4
      vertex -10 -10 -5.4
      vertex -10 -10 -3.4
    endloop
  endfacet
  facet normal 0 0 1
    outer loop
      vertex -10 7.63119 -3.4
      vertex -10 -7.63119 -3.4
      vertex -2.36881 0 -3.4
    endloop
  endfacet
  facet normal 0 0 1
    outer loop
      vertex 0 -2.36881 -3.4
      vertex -7.63119 -10 -3.4
      vertex 7.63119 -10 -3.4
    endloop
  endfacet
  facet normal 0 0 1
    outer loop
      vertex 7.63119 10 -3.4
      vertex -7.63119 10 -3.4
      vertex 0 2.36881 -3.4
    endloop
  endfacet
  facet normal 0 0 1
    outer loop
      vertex 10 7.63119 -3.4
      vertex 2.36881 0 -3.4
      vertex 10 -7.63119 -3.4
    endloop
  endfacet
  facet normal 1 -0 0
    outer loop
      vertex 10 7.63119 -3.4
      vertex 10 10 -5.4
      vertex 10 10 -3.4
    endloop
  endfacet
  facet normal 1 0 0
    outer loop
      vertex 10 7.63119 -3.4
      vertex 10 -7.63119 -3.4
      vertex 10 10 -5.4
    endloop
  endfacet
  facet normal 1 0 0
    outer loop
      vertex 10 -10 -5.4
      vertex 10 -7.63119 -3.4
      vertex 10 -10 -3.4
    endloop
  endfacet
  facet normal 1 0 0
    outer loop
      vertex 10 -7.63119 -3.4
      vertex 10 -10 -5.4
      vertex 10 10 -5.4
    endloop
  endfacet
  facet normal 0 0 -1
    outer loop
      vertex -10 -10 -5.4
      vertex 10 10 -5.4
      vertex 10 -10 -5.4
    endloop
  endfacet
  facet normal -0 0 -1
    outer loop
      vertex 10 10 -5.4
      vertex -10 -10 -5.4
      vertex -10 10 -5.4
    endloop
  endfacet
  facet normal 0 -1 0
    outer loop
      vertex -10 -10 -5.4
      vertex -7.63119 -10 -3.4
      vertex -10 -10 -3.4
    endloop
  endfacet
  facet normal 0 -1 -0
    outer loop
      vertex -7.63119 -10 -3.4
      vertex -10 -10 -5.4
      vertex 7.63119 -10 -3.4
    endloop
  endfacet
  facet normal 0 -1 0
    outer loop
      vertex 10 -10 -5.4
      vertex 7.63119 -10 -3.4
      vertex -10 -10 -5.4
    endloop
  endfacet
  facet normal 0 -1 0
    outer loop
      vertex 7.63119 -10 -3.4
      vertex 10 -10 -5.4
      vertex 10 -10 -3.4
    endloop
  endfacet
  facet normal 0 1 -0
    outer loop
      vertex 10 10 -5.4
      vertex 7.63119 10 -3.4
      vertex 10 10 -3.4
    endloop
  endfacet
  facet normal 0 1 0
    outer loop
      vertex 7.63119 10 -3.4
      vertex 10 10 -5.4
      vertex -7.63119 10 -3.4
    endloop
  endfacet
  facet normal 0 1 0
    outer loop
      vertex -10 10 -5.4
      vertex -7.63119 10 -3.4
      vertex 10 10 -5.4
    endloop
  endfacet
  facet normal 0 1 0
    outer loop
      vertex -7.63119 10 -3.4
      vertex -10 10 -5.4
      vertex -10 10 -3.4
    endloop
  endfacet
endsolid OpenSCAD_Model
